    7 5 0 1 
        7.4124672627588817 4.9753706737963999 0 0.85355300000000001 
        7.8876297143335723 4.5410339031097191 0 0.85355300000000001 
        8.0335466171991659 4.0000000003824274 0 1 
        7.887629720626558 3.4589660945957164 0 0.85355300000000001 
        7.4124672008593562 3.0246293019145405 0 0.85355300000000001 
        7 3 0 1 
        7 8 0 1 
        8 7 0 1 
        8 5.7539133315990387 0 1 
        8.2368941465169083 3.9999999988321413 0 1 
        8.0058079890247242 2.2719772226974855 0 1 
        8 1 0 1 
        7 0 0 1 
        7 8 0 1 
        8.4387571754356649 7.1450017112945137 0 1 
        8.507738483519903 5.9520244261290234 0 1 
        8.5289218468052699 3.9999999991055368 0 1 
        8.5077384844334816 2.0648678495188757 0 1 
        8.4387571664494505 0.85499813717881812 0 1 
        7 0 0 1 
        11 8 0 1 
        9.5617404715607552 7.14518191163745 0 1 
        9.4926081584486237 5.9237228411961684 0 1 
        9.4713784232626317 3.9999999991054311 0 1 
        9.492608157533045 2.0648678495188757 0 1 
        9.5617404805666411 0.85481793682531859 0 1 
        11 0 0 1 
        11 8 0 1 
        10 7 0 1 
        10 5.7256117466661838 0 1 
        9.7232084716810512 3.999999998832716 0 1 
        10 2.2719772226974855 0 1 
        10 1 0 1 
        11 0 0 1 
        11 5 0 1 
        10.587532737241117 4.9753706737963999 0 0.85355300000000001 
        10.112370285666433 4.5410339031097191 0 0.85355300000000001 
        9.9664533828008324 4.0000000003824274 0 1 
        10.11237027937344 3.4589660945957164 0 0.85355300000000001 
        10.58753279914065 3.0246293019145405 0 0.85355300000000001 
        11 3 0 1
